0 0 0 0 0 1 1 0
0 0 0 1 0 1 1 0
0 0 5 0 0 1 1 0
0 0 5 1 0 1 1 0
0 0 10 0 0 1 1 0
0 0 10 1 0 1 1 0
0 0 15 0 0 1 1 0
0 0 15 1 0 1 1 0
0 7 0 0 0 1 1 0
0 7 0 1 0 1 1 0
0 7 5 0 0 1 1 0
0 7 5 1 0 1 1 0
0 7 10 0 0 1 1 0
0 7 10 1 0 1 1 0
0 7 15 0 0 1 1 0
0 7 15 1 0 1 1 0
1 0 0 0 0 1 1 0
1 0 0 1 0 1 1 0
1 0 5 0 0 1 1 0
1 0 5 1 0 1 1 0
1 0 10 0 0 1 1 0
1 0 10 1 0 1 1 0
1 0 15 0 0 1 1 0
1 0 15 1 0 1 1 0
1 7 0 0 0 1 1 0
1 7 0 1 0 1 1 0
1 7 5 0 0 1 1 0
1 7 5 1 0 1 1 0
1 7 10 0 0 1 1 0
1 7 10 1 0 1 1 0
1 7 15 0 0 1 1 0
1 7 15 1 0 1 1 0
0 0 0 0 2 2 0 2
0 0 0 1 2 2 0 2
0 0 5 0 2 2 0 2
0 0 5 1 2 2 0 2
0 0 10 0 2 2 0 2
0 0 10 1 2 2 0 2
0 0 15 0 2 2 0 2
0 0 15 1 2 2 0 2
0 7 0 0 2 2 0 2
0 7 0 1 2 2 0 2
0 7 5 0 2 2 0 2
0 7 5 1 2 2 0 2
0 7 10 0 2 2 0 2
0 7 10 1 2 2 0 2
0 7 15 0 2 2 0 2
0 7 15 1 2 2 0 2
1 0 0 0 2 2 0 2
1 0 0 1 2 2 0 2
1 0 5 0 2 2 0 2
1 0 5 1 2 2 0 2
1 0 10 0 2 2 0 2
1 0 10 1 2 2 0 2
1 0 15 0 2 2 0 2
1 0 15 1 2 2 0 2
1 7 0 0 2 2 0 2
1 7 0 1 2 2 0 2
1 7 5 0 2 2 0 2
1 7 5 1 2 2 0 2
1 7 10 0 2 2 0 2
1 7 10 1 2 2 0 2
1 7 15 0 2 2 0 2
1 7 15 1 2 2 0 2
0 0 0 0 0 3 1 3
0 0 0 1 0 3 1 3
0 0 5 0 0 3 1 3
0 0 5 1 0 3 1 3
0 0 10 0 0 3 1 3
0 0 10 1 0 3 1 3
0 0 15 0 0 3 1 3
0 0 15 1 0 3 1 3
0 7 0 0 0 3 1 3
0 7 0 1 0 3 1 3
0 7 5 0 0 3 1 3
0 7 5 1 0 3 1 3
0 7 10 0 0 3 1 3
0 7 10 1 0 3 1 3
0 7 15 0 0 3 1 3
0 7 15 1 0 3 1 3
1 0 0 0 0 3 1 3
1 0 0 1 0 3 1 3
1 0 5 0 0 3 1 3
1 0 5 1 0 3 1 3
1 0 10 0 0 3 1 3
1 0 10 1 0 3 1 3
1 0 15 0 0 3 1 3
1 0 15 1 0 3 1 3
1 7 0 0 0 3 1 3
1 7 0 1 0 3 1 3
1 7 5 0 0 3 1 3
1 7 5 1 0 3 1 3
1 7 10 0 0 3 1 3
1 7 10 1 0 3 1 3
1 7 15 0 0 3 1 3
1 7 15 1 0 3 1 3
0 0 0 0 9 9 0 9
0 0 0 1 9 9 0 9
0 0 5 0 9 9 0 9
0 0 5 1 9 9 0 9
0 0 10 0 9 9 0 9
0 0 10 1 9 9 0 9
0 0 15 0 9 9 0 9
0 0 15 1 9 9 0 9
0 7 0 0 9 9 0 9
0 7 0 1 9 9 0 9
0 7 5 0 9 9 0 9
0 7 5 1 9 9 0 9
0 7 10 0 9 9 0 9
0 7 10 1 9 9 0 9
0 7 15 0 9 9 0 9
0 7 15 1 9 9 0 9
1 0 0 0 9 9 0 9
1 0 0 1 9 9 0 9
1 0 5 0 9 9 0 9
1 0 5 1 9 9 0 9
1 0 10 0 9 9 0 9
1 0 10 1 9 9 0 9
1 0 15 0 9 9 0 9
1 0 15 1 9 9 0 9
1 7 0 0 9 9 0 9
1 7 0 1 9 9 0 9
1 7 5 0 9 9 0 9
1 7 5 1 9 9 0 9
1 7 10 0 9 9 0 9
1 7 10 1 9 9 0 9
1 7 15 0 9 9 0 9
1 7 15 1 9 9 0 9
